# GIMP colorrc
# 
# This file holds a list of recently used colors.

(color-history
    (color-rgba 0 0 0 1)
    (color-rgba 0.023529411764705882 0.023529411764705882 0.023529411764705882 1)
    (color-rgba 0.56078433990478516 0.69411766529083252 1 1)
    (color-rgba 0.34509804844856262 0.51372551918029785 0.18431372940540314 1)
    (color-rgba 0.61176472902297974 0.98823535442352295 0.7137255072593689 1)
    (color-rgba 0.21568629145622253 0.45098042488098145 1 1)
    (color-rgba 0.31372550129890442 0 0.51764708757400513 1)
    (color-rgba 0.28627452254295349 0.078431375324726105 0.11764706671237946 1)
    (color-rgba 0.11764706671237946 0.027450982481241226 0.027450982481241226 1)
    (color-rgba 0 0.26666668057441711 0.89019614458084106 1)
    (color-rgba 0.23921570181846619 0.12156863510608673 0.054901964962482452 1)
    (color-rgba 0.10588236153125763 0.058823533356189728 0.031372550874948502 1)
    (color-rgba 0.094117656350135803 0.094117656350135803 0.17254902422428131 1)
    (color-rgba 0.078431375324726105 0.019607843831181526 0.019607843831181526 1)
    (color-rgba 0.45098042488098145 0.26274511218070984 0.13725490868091583 1)
    (color-rgba 0.93725496530532837 0.74901962280273438 0.46666669845581055 1)
    (color-rgba 0.92941182851791382 0.80784320831298828 0.72156864404678345 1)
    (color-rgba 0.29019609093666077 0.14509804546833038 0.074509806931018829 1)
    (color-rgba 0.98823535442352295 0.90980398654937744 0.86274516582489014 1)
    (color-rgba 0.9803922176361084 0.52549022436141968 0.55686277151107788 1)
    (color-rgba 0.89411771297454834 0.89411771297454834 0.89019614458084106 1)
    (color-rgba 0.97647058823529409 0 0.13333333333333333 1)
    (color-rgba 0.97647058823529409 0.27058823529411763 0.33725490196078434 1)
    (color-rgba 0.9960784912109375 0.94117653369903564 0.94509810209274292 1)
    (color-rgba 0.68627452850341797 0.45490199327468872 0.29019609093666077 1)
    (color-rgba 0.48235297203063965 0.29411765933036804 0.15294118225574493 1)
    (color-rgba 0.25490197539329529 0.13725490868091583 0.070588238537311554 1)
    (color-rgba 0.98431372549019602 0.64313725490196083 0.66666666666666663 1)
    (color-rgba 0.70588237047195435 0.49411767721176147 0.31764706969261169 1)
    (color-rgba 0.98039215686274506 0.46274509803921571 0.50196078431372548 1)
    (color-rgba 0.32549020648002625 0.16862745583057404 0.074509806931018829 1)
    (color-rgba 1 0.74901962280273438 0 1)
    (color-rgba 1 0.37254902720451355 0 1)
    (color-rgba 0.37254902720451355 0.027450982481241226 0 1)
    (color-rgba 1 0.99215692281723022 0.84313732385635376 1)
    (color-rgba 0.26666668057441711 0 0.43921571969985962 1)
    (color-rgba 0.80000007152557373 0.56078433990478516 0.364705890417099 1)
    (color-rgba 0.34509804844856262 0.34509804844856262 0.45490199327468872 1)
    (color-rgba 0.83529418706893921 0.59215688705444336 0.40392160415649414 1)
    (color-rgba 0.34117648005485535 0.18431372940540314 0.090196080505847931 1)
    (color-rgba 0.90196084976196289 0.7450980544090271 0.63137257099151611 1)
    (color-rgba 0.62745100259780884 0.42352944612503052 0.25098040699958801 1)
    (color-rgba 0.37254902720451355 0.20000001788139343 0.10588236153125763 1)
    (color-rgba 0.19215688109397888 0.10588236153125763 0.054901964962482452 1)
    (color-rgba 0.26666666666666666 0.26666666666666666 0.37647058823529411 1)
    (color-rgba 0.45098042488098145 0.61568629741668701 1 1)
    (color-rgba 0.17254902422428131 0.054901964962482452 0.054901964962482452 1)
    (color-rgba 0.10588236153125763 0.37254902720451355 1 1)
    (color-rgba 0.21176472306251526 0.21176472306251526 0.21176472306251526 1)
    (color-rgba 0.40392160415649414 0.23137256503105164 0.12156863510608673 1)
    (color-rgba 1 1 1 1)
    (color-rgba 0.84705889225006104 0.62352943420410156 0.45098042488098145 1)
    (color-rgba 0.15686275064945221 0.15686275064945221 0.15686275064945221 1)
    (color-rgba 0.75294117647058822 0.76078431372549016 0.74509803921568629 1)
    (color-rgba 0.68235294117647061 0.69019607843137254 0.6705882352941176 1)
    (color-rgba 0.96862751245498657 0.82745105028152466 0.54509806632995605 1)
    (color-rgba 0.94117653369903564 0.83921575546264648 0.76470595598220825 1)
    (color-rgba 0.078431375324726105 0.062745101749897003 0.14117647707462311 1)
    (color-rgba 0.14901961386203766 0.078431375324726105 0.043137256056070328 1)
    (color-rgba 0.91372555494308472 0.77647066116333008 0.67450982332229614 1)
    (color-rgba 0.43529415130615234 0.45490199327468872 0.41960787773132324 1)
    (color-rgba 0.61176470588235299 0.62352941176470589 0.59999999999999998 1)
    (color-rgba 0.89019614458084106 0.59215688705444336 0.30980393290519714 1)
    (color-rgba 0.90588241815567017 0.67058825492858887 0.37254902720451355 1)
    (color-rgba 0.51372551918029785 0.32549020648002625 0.18431372940540314 1)
    (color-rgba 0.59215688705444336 0.38823533058166504 0.23137256503105164 1)
    (color-rgba 0.56078433990478516 0.35686275362968445 0.20000000298023224 1)
    (color-rgba 0.85882353782653809 0.49803921580314636 0.23137255012989044 1)
    (color-rgba 0.82352942228317261 0.82745099067687988 0.81568628549575806 1)
    (color-rgba 0.36078432202339172 0.98823535442352295 0.51372551918029785 1)
    (color-rgba 0.71764705882352942 0.72549019607843135 0.70980392156862748 1)
    (color-rgba 0.54117647058823526 0.55686274509803924 0.52549019607843139 1)
    (color-rgba 0.6470588235294118 0.6588235294117647 0.63529411764705879 1)
    (color-rgba 0.2627450980392157 0.2627450980392157 0.2627450980392157 1)
    (color-rgba 0.48627450980392156 0.48627450980392156 0.59607843137254901 1)
    (color-rgba 0.14117647058823529 0.14117647058823529 0.23529411764705882 1)
    (color-rgba 0.21960784494876862 0.32549020648002625 0.10588235408067703 1)
    (color-rgba 0.25882352941176473 0.38823529411764707 0.13725490196078433 1)
    (color-rgba 0.10196078431372549 0.13725490196078433 0.043137254901960784 1)
    (color-rgba 1 0.94117647058823528 0 1)
    (color-rgba 0.33725491166114807 0.54901963472366333 0.23529411852359772 1)
    (color-rgba 0.062745098039215685 0.090196078431372548 0.027450980392156862 1)
    (color-rgba 0 0.2627450980392157 0.070588235294117646 1)
    (color-rgba 0.63529411764705879 1 0.43529411764705883 1)
    (color-rgba 0 0.039215686274509803 0.13725490196078433 1)
    (color-rgba 0.6470588235294118 0.15294117647058825 0.53725490196078429 1)
    (color-rgba 1 0.49803921568627452 0 1)
    (color-rgba 0 0.21176472306251526 0.70196080207824707 1)
    (color-rgba 0.76470588235294112 0.29411764705882354 0.10588235294117647 1)
    (color-rgba 0.49411764740943909 0.11764705926179886 0.40392157435417175 1)
    (color-rgba 0.58039218187332153 0.91372549533843994 0.39215686917304993 1)
    (color-rgba 0.5372549295425415 0.85490196943283081 0.36078432202339172 1)
    (color-rgba 0 0.34509803921568627 0.34509803921568627 1)
    (color-rgba 0.3960784375667572 0.3960784375667572 0.3960784375667572 1)
    (color-rgba 0.45882353186607361 0.12156862765550613 0.23921568691730499 1)
    (color-rgba 0.27843138575553894 0.066666670143604279 0.22745098173618317 1)
    (color-rgba 0.20392157137393951 0 0.34509804844856262 1)
    (color-rgba 0.15686275064945221 0 0.25098040699958801 1)
    (color-rgba 0.57647058823529407 0.58823529411764708 0.56470588235294117 1)
    (color-rgba 0.84946236559139787 0.84946236559139787 0.5206382240721471 1)
    (color-rgba 0.42352941632270813 0.42352941632270813 0.53333336114883423 1)
    (color-rgba 0.75294119119644165 0.76862746477127075 0.81568628549575806 1)
    (color-rgba 0.58039218187332153 0.58039218187332153 0.67450982332229614 1)
    (color-rgba 0.92941176891326904 0.92941176891326904 0.92549020051956177 1)
    (color-rgba 0.050980392843484879 0.050980392843484879 0.050980392843484879 1)
    (color-rgba 0.75294119119644165 0.52941179275512695 0.35686275362968445 1)
    (color-rgba 0.078431375324726105 0.078431375324726105 0.078431375324726105 1)
    (color-rgba 0.20392157137393951 0.20392157137393951 0.31372550129890442 1)
    (color-rgba 0.64313727617263794 0.64313727617263794 0.72156864404678345 1)
    (color-rgba 0.26666666666666666 0 0.027450980392156862 1)
    (color-rgba 0.30980392156862746 0 0.031372549019607843 1)
    (color-rgba 1 0.98039215686274506 0.70196078431372544 1)
    (color-rgba 1 0.95686274509803926 0.27843137254901962 1)
    (color-rgba 0 0.15294117647058825 0.51372549019607838 1)
    (color-rgba 0 0.25098039215686274 0.25098039215686274 1)
    (color-rgba 0 0.93725490570068359 0.25098040699958801 1)
    (color-rgba 0.43921568989753723 0.42352941632270813 0 1)
    (color-rgba 0.25098039215686274 0.9882352941176471 0.44705882352941179 1)
    (color-rgba 0.49019607843137253 0.74901960784313726 0.30980392156862746 1)
    (color-rgba 0 0.51372551918029785 0.13725490868091583 1)
    (color-rgba 0.51372549019607838 0.81176470588235294 0.3411764705882353 1)
    (color-rgba 0.23529411852359772 0.23529411852359772 0.23529411852359772 1)
    (color-rgba 0.47058823704719543 0.48627451062202454 0.45490196347236633 1)
    (color-rgba 0.18431372940540314 0.18431372940540314 0.18431372940540314 1)
    (color-rgba 0.34117648005485535 0.34117648005485535 0.34117648005485535 1)
    (color-rgba 0.31764706969261169 0.31764706969261169 0.31764706969261169 1)
    (color-rgba 1 0.87450980392156863 0 1)
    (color-rgba 0.61176470588235299 0.61176470588235299 0 1)
    (color-rgba 0.50196078431372548 0 0.043137254901960784 1)
    (color-rgba 0.70588235294117652 0.67450980392156867 0 1)
    (color-rgba 0.71764705882352942 0.20000000000000001 0.058823529411764705 1)
    (color-rgba 0.89803922176361084 0.92549020051956177 0.87450981140136719 1)
    (color-rgba 0.08235294371843338 0.08235294371843338 0.08235294371843338 1)
    (color-rgba 0.75686275959014893 0.78823530673980713 0.71764707565307617 1)
    (color-rgba 0.52549022436141968 0.52549022436141968 0.52549022436141968 1)
    (color-rgba 0.4117647111415863 0.4117647111415863 0.4117647111415863 1)
    (color-rgba 0.51372551918029785 0.52941179275512695 0.50196081399917603 1)
    (color-rgba 0.31372550129890442 0.31372550129890442 0.31372550129890442 1)
    (color-rgba 0.10588235408067703 0.10588235408067703 0.10588235408067703 1)
    (color-rgba 0.78823530673980713 0.78823530673980713 0.78823530673980713 1)
    (color-rgba 0.36862745881080627 0.37254902720451355 0.36078432202339172 1)
    (color-rgba 0.81176470588235294 0.38823529411764707 0.16862745098039217 1)
    (color-rgba 0.40000000596046448 0.0039215688593685627 0.023529412224888802 1)
    (color-rgba 0.36078432202339172 0 0.035294119268655777 1)
    (color-rgba 0.67058825492858887 0 0.054901961237192154 1)
    (color-rgba 0.364705890417099 0 0.039215687662363052 1)
    (color-rgba 0.78823530673980713 0 0.070588238537311554 1)
    (color-rgba 0.59215688705444336 0 0.047058824449777603 1)
    (color-rgba 0.88235294117647056 0 0.086274509803921567 1)
    (color-rgba 0.74117647058823533 0 0.062745098039215685 1)
    (color-rgba 0.97647058823529409 0 0.098039215686274508 1)
    (color-rgba 0.97647058823529409 0.20000000000000001 0.28235294117647058 1)
    (color-rgba 0.45882352941176469 0 0.043137254901960784 1)
    (color-rgba 0.60000002384185791 0 0.050980392843484879 1)
    (color-rgba 1 0.62352941176470589 0 1)
    (color-rgba 0.12549020349979401 0.12549020349979401 0.12549020349979401 1)
    (color-rgba 0.5372549295425415 0.5372549295425415 0.5372549295425415 1)
    (color-rgba 0.14901961386203766 0.14901961386203766 0.14901961386203766 1)
    (color-rgba 1 0.24705882370471954 0 1)
    (color-rgba 0.64705884456634521 0 0.054901961237192154 1)
    (color-rgba 0.40784313725490196 0 0.039215686274509803 1)
    (color-rgba 0.83529412746429443 0.7607843279838562 0.0039215688593685627 1)
    (color-rgba 0.38431373238563538 0.38431373238563538 0.38431373238563538 1)
    (color-rgba 0.070588238537311554 0.070588238537311554 0.070588238537311554 1)
    (color-rgba 0.36078432202339172 0.25882354378700256 0.18039216101169586 1)
    (color-rgba 0.74117648601531982 0.56078433990478516 0.41960784792900085 1)
    (color-rgba 0.86274509803921573 0.65490196078431373 0.49411764705882355 1)
    (color-rgba 0.56862747669219971 0.13725490868091583 0.46666666865348816 1)
    (color-rgba 0.0039215688593685627 0 0 1)
    (color-rgba 0.027450980618596077 0.0078431377187371254 0.0039215688593685627 1)
    (color-rgba 0.15686275064945221 0.070588238537311554 0.023529412224888802 1)
    (color-rgba 0.40000000000000002 0.098039215686274508 0.21176470588235294 1)
    (color-rgba 0 0.054901960784313725 0.18431372549019609 1)
    (color-rgba 0 0.12549019607843137 0.41960784313725491 1)
    (color-rgba 0.21960784494876862 0.21960784494876862 0.21960784494876862 1)
    (color-rgba 0.70980393886566162 0.19607843458652496 0.12549020349979401 1)
    (color-rgba 0.99607843160629272 0.99607843160629272 0.99607843160629272 1)
    (color-rgba 0.92156863212585449 0.62352943420410156 0.13725490868091583 1)
    (color-rgba 0.99607843160629272 0.80784314870834351 0.78039216995239258 1)
    (color-rgba 1 0.80000001192092896 0.77254903316497803 1)
    (color-rgba 0.46666666865348816 0.46666666865348816 0.46666666865348816 1)
    (color-rgba 0.27843138575553894 0.27843138575553894 0.27843138575553894 1)
    (color-rgba 0.38823530077934265 0.38823530077934265 0.38823530077934265 1)
    (color-rgba 0.027450980618596077 0.027450980618596077 0.027450980618596077 1)
    (color-rgba 0.41960784313725491 0.058823529411764705 0.058823529411764705 1)
    (color-rgba 0.6705882352941176 0.6705882352941176 1 1)
    (color-rgba 0.90588235294117647 0.90588235294117647 1 1)
    (color-rgba 0 0 0.32549019607843138 1)
    (color-rgba 0.090196080505847931 0.058823529630899429 0.027450980618596077 1)
    (color-rgba 0.37254901960784315 0.027450980392156862 0.027450980392156862 1)
    (color-rgba 0.49803921568627452 0.10588235294117647 0.10588235294117647 1)
    (color-rgba 0.043137256056070328 0.043137256056070328 0.043137256056070328 1)
    (color-rgba 0.37254902720451355 0.26274511218070984 0.13725490868091583 1)
    (color-rgba 0.52941179275512695 0.52941179275512695 0.52941179275512695 1)
    (color-rgba 0.73725491762161255 0.73725491762161255 0.73725491762161255 1)
    (color-rgba 0.0078431377187371254 0.0078431377187371254 0.0078431377187371254 1)
    (color-rgba 0.12156862765550613 0.12156862765550613 0.12156862765550613 1)
    (color-rgba 0.74117648601531982 0.74117648601531982 0.74117648601531982 1)
    (color-rgba 0.89411765336990356 0.89411765336990356 0.89411765336990356 1)
    (color-rgba 0.92549019607843142 0.92549019607843142 0.92549019607843142 1)
    (color-rgba 0.59607845544815063 0 0.53333336114883423 1)
    (color-rgba 0.32941177487373352 0.32941177487373352 0.32941177487373352 1)
    (color-rgba 0.1098039299249649 0.1098039299249649 0.1098039299249649 1)
    (color-rgba 0.39215689897537231 0.39215689897537231 0.39215689897537231 1)
    (color-rgba 0.54901963472366333 0.54901963472366333 0.54901963472366333 1)
    (color-rgba 0.28235295414924622 0.28235295414924622 0.28235295414924622 1)
    (color-rgba 0.17254902422428131 0.17254902422428131 0.17254902422428131 1)
    (color-rgba 0.25098039215686274 0 0 1)
    (color-rgba 0.34509804844856262 0.32941177487373352 0 1)
    (color-rgba 0.89411771297454834 0.84705889225006104 0 1)
    (color-rgba 0.25098040699958801 0.25098040699958801 0 1)
    (color-rgba 0 0.35294118523597717 0.35294118523597717 1)
    (color-rgba 0 0.46666666865348816 0.46666666865348816 1)
    (color-rgba 0 0.25882354378700256 0.25882354378700256 1)
    (color-rgba 0 0.51764708757400513 0.51764708757400513 1)
    (color-rgba 0 0.61176472902297974 0.61176472902297974 1)
    (color-rgba 0 0.43529411764705883 0.70980392156862748 1)
    (color-rgba 0 0 0.25882352941176473 1)
    (color-rgba 0.094117648899555206 0.094117648899555206 0.094117648899555206 1)
    (color-rgba 0.65882354974746704 0.31372550129890442 0 1)
    (color-rgba 0.94117647409439087 0.78431373834609985 0.18823529779911041 1)
    (color-rgba 0.87843137979507446 0.37647059559822083 0.34509804844856262 1)
    (color-rgba 0.62745100259780884 0 0 1)
    (color-rgba 0.53333336114883423 0.34509804844856262 0.094117648899555206 1)
    (color-rgba 0.97254902124404907 0.65882354974746704 0.43921568989753723 1)
    (color-rgba 0.97254902124404907 0.97254902124404907 0.97254902124404907 1)
    (color-rgba 0.8666666666666667 0.4823529411764706 0.77647058823529413 1)
    (color-rgba 0.34509803921568627 0.070588235294117646 0.15686274509803921 1)
    (color-rgba 0.63921568627450975 0.15294117647058825 0.043137254901960784 1)
    (color-rgba 0 0.098039215686274508 0.32549019607843138 1)
    (color-rgba 0.74901962280273438 0.74901962280273438 0.74901962280273438 1)
    (color-rgba 0.50196081399917603 0.50196081399917603 0.50196081399917603 1)
    (color-rgba 0.72156864404678345 0.17254902422428131 0.60000002384185791 1)
    (color-rgba 0.30588236451148987 0.21568627655506134 0.14509804546833038 1)
    (color-rgba 0.3803921639919281 0.25098040699958801 0.20392157137393951 1)
    (color-rgba 0.58823531866073608 0.37647059559822083 0.32156863808631897 1)
    (color-rgba 0.40392157435417175 0.24705882370471954 0.21176470816135406 1)
    (color-rgba 0.42352941632270813 0.26274511218070984 0.21960784494876862 1)
    (color-rgba 0.3960784375667572 0.22745098173618317 0.17254902422428131 1)
    (color-rgba 0.45490196347236633 0.28235295414924622 0.22352941334247589 1)
    (color-rgba 0.7921568751335144 0.70196080207824707 0.61960786581039429 1)
    (color-rgba 0.78431373834609985 0.67843139171600342 0.60392159223556519 1)
    (color-rgba 0.3960784375667572 0.21960784494876862 0.16470588743686676 1)
    (color-rgba 0.82745099067687988 0.72549021244049072 0.65882354974746704 1)
    (color-rgba 0.78431373834609985 0.70588237047195435 0.64705884456634521 1)
    (color-rgba 0.64705884456634521 0.28627452254295349 0.078431375324726105 1)
    (color-rgba 0.12941177189350128 0.12941177189350128 0.12941177189350128 1)
    (color-rgba 0 0.047058824449777603 0.16078431904315948 1)
    (color-rgba 0 0.086274512112140656 0.34117648005485535 1)
    (color-rgba 0 0.094117648899555206 0.35294118523597717 1)
    (color-rgba 0 0.070588238537311554 0.23137255012989044 1)
    (color-rgba 0 0.29803922772407532 1 1)
    (color-rgba 0.18823529779911041 0.18823529779911041 0.18823529779911041 1)
    (color-rgba 0 0.078431375324726105 0.26666668057441711 1)
    (color-rgba 0 0.082352941176470587 0.27843137254901962 1)
    (color-rgba 0 0.027450980618596077 0.090196080505847931 1))

# end of colorrc
